1403636579763555840.000000 0.000000000 0.000000000 0.000000000 -0.000000000 -0.000000000 -0.000000000 1.000000000
1403636579813555456.000000 0.000156433 0.006328038 0.002886749 0.001411799 0.002535657 -0.000806347 0.999995470
1403636579863555584.000000 0.000243638 0.014291302 0.005853896 -0.000729887 0.004742173 -0.002545575 0.999985278
1403636579963555584.000000 -0.000043504 0.033338606 0.011906983 -0.012086897 0.005549795 -0.003112955 0.999906719
1403636580263555840.000000 -0.001770941 0.094301641 0.028752049 -0.030080127 0.004511774 0.002136806 0.999535024
1403636580413555712.000000 -0.002665309 0.116917014 0.032763239 -0.047126435 0.003591936 -0.002554413 0.998879254
1403636580563555840.000000 -0.003721238 0.124407567 0.032959025 -0.071036488 0.001818809 -0.001990318 0.997470081
1403636580813555456.000000 -0.005076063 0.074076049 0.020764221 -0.056552544 0.007371515 -0.009822658 0.998324096
1403636584113555456.000000 0.004773173 0.114287868 0.031621445 -0.064314216 0.020433391 -0.012799045 0.997638404
1403636586363555584.000000 0.002524026 0.045733713 -0.006889103 -0.166619509 0.043658637 0.011587301 0.984986067
1403636587513555456.000000 0.045142643 0.037859064 -0.002867493 -0.197775275 0.029905947 0.010322809 0.979736686
1403636588113555456.000000 0.131657436 0.034544196 0.007078876 -0.203328460 0.065451711 0.030916719 0.976431131
1403636588463555584.000000 0.145873055 0.038018979 0.008690068 -0.199209258 0.060944013 0.034400877 0.977454901
1403636588963555584.000000 0.094983555 0.038044170 -0.000845993 -0.202312946 0.048581745 0.029315753 0.977675796
1403636589763555840.000000 -0.060668647 0.041788526 -0.017462693 -0.192291558 0.013511884 0.009857156 0.981195331
1403636589963555584.000000 -0.092202134 0.047253557 -0.020110788 -0.202235520 -0.003600046 0.007941787 0.979298115
1403636590163555584.000000 -0.111083694 0.048729494 -0.022228573 -0.192274556 -0.017005537 0.006918724 0.981169403
1403636590663555584.000000 -0.072164826 0.044171594 -0.026756130 -0.186529309 0.004264537 0.001264235 0.982439339
1403636590913555712.000000 -0.025746526 0.042989086 -0.024706423 -0.196607068 0.013916745 0.008376369 0.980347812
1403636591163555584.000000 0.022353381 0.041997481 -0.019866075 -0.196717456 0.014598724 0.012273871 0.980274677
1403636591363555584.000000 0.053366471 0.042954970 -0.015080334 -0.201128930 0.020830961 0.015595671 0.979219079
1403636591613555456.000000 0.075300016 0.048109293 -0.005744008 -0.190904230 0.040950049 0.019938733 0.980551422
1403636591813555456.000000 0.082874477 0.048860598 0.002489418 -0.150226876 0.065009102 0.017688364 0.986353338
1403636592063555840.000000 0.091535099 0.044969667 0.012498658 -0.142657399 0.087976664 0.030465405 0.985383630
1403636592313555456.000000 0.105045147 0.039056815 0.034245513 -0.164167047 0.102965705 0.042894136 0.980105817
1403636593613555456.000000 -0.068400607 0.055782612 0.003995644 -0.183993995 -0.096766345 -0.003837934 0.978145063
1403636593863555584.000000 -0.041551672 0.073047534 -0.032542977 -0.195909336 -0.031298239 0.028155791 0.979717910
1403636594113555456.000000 0.013092820 0.077487320 -0.048486926 -0.173212290 0.067396566 0.060250144 0.980726838
1403636594363555584.000000 0.073720977 0.071723580 -0.030787643 -0.174624979 0.128139079 0.072228059 0.973586023
1403636594563555840.000000 0.114181943 0.059849367 0.004638412 -0.157432199 0.140801966 0.063609093 0.975368559
1403636595863555584.000000 0.008539767 0.078633435 0.002029241 -0.164855123 -0.028587723 -0.008398721 0.985867679
1403636596163555584.000000 0.060409352 0.093622029 -0.031081939 -0.174010545 0.055204928 0.017892152 0.983032405
1403636596513555456.000000 0.021662245 0.097598188 -0.085436329 -0.160576701 0.065240622 0.023894913 0.984574914
1403636596763555840.000000 -0.006861823 0.099734180 -0.106309801 -0.160557941 0.061094113 0.014330012 0.985029638
1403636597263555840.000000 0.016675306 0.074743204 -0.017477924 -0.175067350 0.043072980 -0.003930833 0.983605981
1403636598263555840.000000 -0.013154514 0.078617096 -0.001336367 -0.174505949 -0.070536353 -0.053952586 0.980643392
1403636598513555456.000000 -0.001568196 0.095504835 -0.003750585 -0.185738012 -0.055624578 -0.059396759 0.979223847
1403636598813555456.000000 0.010625793 0.100620367 0.039061960 -0.133212984 -0.085505076 -0.055676889 0.985821128
1403636599063555840.000000 0.017655961 0.113740824 0.073560201 -0.085115902 -0.094183736 -0.049933400 0.990651965
1403636599613555456.000000 0.021056479 0.127081677 0.106531009 -0.007849361 -0.085223377 -0.032703284 0.995794117
1403636611913555712.000000 0.024473559 0.130750194 0.107876696 0.018837357 -0.085795306 -0.018899767 0.995955408
1403636613913555712.000000 0.024498191 0.130765319 0.107932702 0.019324452 -0.085861512 -0.018548284 0.995946944
1403636624313555456.000000 0.024930349 0.130549595 0.107867405 0.015412184 -0.081851877 -0.018739047 0.996349156
1403636624513555456.000000 0.028719474 0.131445721 0.105543010 -0.002342300 -0.075356044 -0.019856706 0.996956229
1403636624713555456.000000 0.036678109 0.133157432 0.101513803 -0.003876704 -0.069019936 -0.028021898 0.997214139
1403636624963555584.000000 0.053173587 0.133581698 0.088680454 -0.020056657 -0.058657195 -0.061380513 0.996187508
1403636625213555456.000000 0.062098105 0.114240788 0.069786906 -0.038242344 -0.059867021 -0.063315399 0.995462000
1403636625463555584.000000 0.062952787 0.101922669 0.063535191 -0.033185672 -0.065780468 -0.055432156 0.995740414
1403636625763555840.000000 0.058806710 0.095164038 0.071162328 -0.026081225 -0.068962537 -0.057101335 0.995642185
1403636627063555840.000000 0.064703673 -0.000625711 0.074643515 -0.014257045 -0.081072472 -0.055374935 0.995066643
1403636627413555712.000000 0.077831589 -0.009924020 0.062729247 -0.006260503 -0.083354950 -0.052495010 0.995116591
1403636627813555456.000000 0.097354636 -0.019315204 0.048112344 -0.028246442 -0.053684302 -0.041967444 0.997275710
1403636628213555456.000000 0.116631463 -0.027037770 0.056580923 -0.015534011 -0.023015738 -0.032205679 0.999095500
1403636629413555712.000000 0.226445630 -0.100148246 0.101541080 -0.017413246 0.026693603 -0.007522019 0.999463677
1403636629763555840.000000 0.277297765 -0.094142631 0.136729747 -0.029162388 0.080288775 0.015147423 0.996229827
1403636630113555456.000000 0.342868596 -0.083967037 0.189348534 -0.030303614 0.141256958 0.031261504 0.989015102
1403636630463555584.000000 0.407758921 -0.117090896 0.244883060 -0.011838458 0.157332271 0.031085325 0.986985385
1403636631213555456.000000 0.530242682 -0.181493029 0.362160146 -0.011664752 0.143767342 0.026567569 0.989186049
1403636631963555584.000000 0.639577150 -0.195457205 0.493498355 -0.014997288 0.140225083 0.014396825 0.989901364
1403636632613555456.000000 0.697203636 -0.214550942 0.601585150 -0.025843181 0.131463513 0.028600246 0.990571320
1403636633513555456.000000 0.764781594 -0.239599109 0.784848094 -0.027777359 0.024715459 -0.013454021 0.999217987
1403636633813555456.000000 0.788313508 -0.248755455 0.861926734 -0.032036424 0.031300385 -0.008227610 0.998962581
1403636634463555584.000000 0.862061262 -0.322841585 1.039544225 -0.013979305 0.034744550 -0.012876102 0.999215543
1403636634813555456.000000 0.907023430 -0.351368487 1.140120149 -0.010002693 0.018189887 -0.025761498 0.999452591
1403636635263555840.000000 0.949223936 -0.398479223 1.258819103 -0.023534665 -0.002566185 -0.032889206 0.999178648
1403636635613555456.000000 0.978536189 -0.430433959 1.357581019 -0.027409082 -0.009550296 -0.019321578 0.999391973
1403636635963555584.000000 1.014557004 -0.500760078 1.454684377 -0.020700790 -0.010941319 -0.002699245 0.999722242
1403636636413555712.000000 1.080826044 -0.609699190 1.579520941 0.000787927 -0.000781785 -0.030609900 0.999530792
1403636636763555840.000000 1.128021240 -0.670596242 1.670017481 0.011683308 0.007227566 -0.054273158 0.998431623
1403636637163555584.000000 1.152665734 -0.687741816 1.753679395 -0.006560604 -0.004161261 -0.036125459 0.999317050
1403636637713555456.000000 1.159681678 -0.720700324 1.850241303 -0.024071261 -0.011032079 -0.033692602 0.999081433
1403636638063555840.000000 1.160423040 -0.775401831 1.905757427 -0.010669043 -0.014055235 -0.034164172 0.999260485
1403636638413555712.000000 1.161218762 -0.782704890 1.971231341 -0.024460923 -0.019168841 -0.023159834 0.999248683
1403636638713555456.000000 1.169043183 -0.783465803 2.037000656 -0.045749243 -0.019244984 -0.024734063 0.998461246
1403636639013555456.000000 1.182534456 -0.820510745 2.111635685 -0.024783071 -0.022679683 -0.019201906 0.999251068
1403636639363555584.000000 1.214223266 -0.850481093 2.209913731 -0.026668308 -0.025770927 -0.010965342 0.999251962
1403636639713555456.000000 1.263000727 -0.846122921 2.323280811 -0.012902621 -0.016241524 -0.043676224 0.998830378
1403636641463555584.000000 1.415635109 -0.931079090 2.690920591 -0.007999261 -0.058194287 -0.038402677 0.997534335
1403636641713555456.000000 1.432740569 -0.932016909 2.727301121 -0.007080610 -0.054119810 -0.046473701 0.997427225
1403636642213555456.000000 1.465701580 -0.974726140 2.771968365 -0.001208013 -0.029149057 -0.039337426 0.998800039
1403636642913555712.000000 1.505266428 -0.968108714 2.817673206 -0.026757168 0.004227420 -0.023626711 0.999353766
1403636643413555712.000000 1.535154581 -0.979748130 2.854994535 -0.016424073 0.001852544 -0.020843482 0.999646127
1403636643863555584.000000 1.566496611 -1.016457677 2.890271902 -0.044002261 -0.000851995 -0.025915267 0.998694897
1403636644113555456.000000 1.586451054 -1.039665580 2.931054354 -0.050671529 -0.000449898 -0.028602000 0.998305678
1403636644313555456.000000 1.600185037 -1.054093957 2.976473331 -0.028615007 -0.004916762 -0.014038112 0.999479830
1403636645363555584.000000 1.762402534 -1.020766497 3.234373808 -0.057143021 0.005643902 -0.024985885 0.998037338
1403636645763555840.000000 1.822652578 -1.046195745 3.365017176 -0.037709974 0.007799704 -0.026512301 0.998906493
1403636645963555584.000000 1.852392673 -1.069834232 3.436729431 -0.033602666 0.007366853 -0.021827860 0.999169707
1403636646163555584.000000 1.882267118 -1.109968305 3.509416819 -0.018785883 0.027590642 -0.002581313 0.999439418
1403636646363555584.000000 1.917330384 -1.148122311 3.583591700 -0.003155174 0.072828107 0.025939653 0.997002125
1403636646613555456.000000 1.972426772 -1.184404969 3.667247534 0.012792134 0.131313905 0.029944280 0.990805924
1403636646963555584.000000 2.045262337 -1.255052686 3.753086329 0.004257097 0.158708259 0.032754049 0.986772895
1403636647363555584.000000 2.123592615 -1.309950590 3.831122398 -0.006171363 0.156425983 0.034310766 0.987074256
1403636647763555840.000000 2.202838898 -1.340603352 3.898309708 0.009159961 0.152026743 0.039060503 0.987561762
1403636648163555584.000000 2.293206692 -1.350460291 3.939813137 0.004908243 0.207936436 0.053158320 0.976684511
1403636648663555584.000000 2.412810087 -1.320231557 3.970268250 0.003837147 0.327205747 0.093857162 0.940272629
1403636649963555584.000000 2.662926197 -1.457563400 3.915739775 0.011923273 0.363523096 0.095511429 0.926599383
1403636650513555456.000000 2.736239195 -1.455188513 3.867475748 0.001646447 0.451639622 0.129854620 0.882698596
1403636651063555840.000000 2.783035517 -1.416340590 3.810214281 0.006956376 0.502101958 0.140832320 0.853235900
1403636652013555456.000000 2.796728373 -1.397388458 3.674370289 0.025919717 0.512629926 0.159504011 0.843265772
1403636652463555584.000000 2.777391911 -1.325479507 3.588769913 -0.009036323 0.625245869 0.206509501 0.752555490
1403636652663555584.000000 2.773689747 -1.297403693 3.546510458 -0.021757284 0.646822572 0.226163447 0.728009105
1403636652763555840.000000 2.773676634 -1.289410949 3.525449991 -0.026073746 0.652123451 0.228820175 0.722285628
1403636653313555456.000000 2.812494516 -1.260894656 3.408913136 -0.004483648 0.656988382 0.198400334 0.727312505
1403636653663555584.000000 2.836496353 -1.255087733 3.343066692 0.000740661 0.648208559 0.190198705 0.737325966
1403636653763555840.000000 2.840890169 -1.253477573 3.326137781 0.004757372 0.647883892 0.186109230 0.738638759
1403636653913555712.000000 2.846715212 -1.249368906 3.301656008 0.006322556 0.647687852 0.182748839 0.739637315
1403636654063555840.000000 2.847461939 -1.237696886 3.278717041 0.006824656 0.644757807 0.189964414 0.740374446
1403636654363555584.000000 2.844317913 -1.218102217 3.233772755 0.005613276 0.664146781 0.197883323 0.720915914
1403636655113555456.000000 2.802076340 -1.197877407 3.113568544 0.006245764 0.726408005 0.218463197 0.651587486
1403636655263555840.000000 2.790188074 -1.186630487 3.097197533 0.013943951 0.729910254 0.215286970 0.648604751
1403636655413555712.000000 2.775137663 -1.172269344 3.079613686 0.019649431 0.736444890 0.217781380 0.640182853
1403636655713555456.000000 2.728788376 -1.151221395 3.044618130 0.009968310 0.753577769 0.246480569 0.609318078
1403636656013555456.000000 2.678173542 -1.103967786 3.009760857 0.009848950 0.779317677 0.268587351 0.566063464
1403636656113555456.000000 2.661896944 -1.088623524 2.996215820 0.008575320 0.787973404 0.270062685 0.553254485
1403636656263555840.000000 2.638435841 -1.075104237 2.972407341 0.002532056 0.795643270 0.272385448 0.541065156
1403636656413555712.000000 2.615533113 -1.069809198 2.942501545 -0.001175654 0.797764003 0.274923325 0.536645532
1403636656613555456.000000 2.588883400 -1.070753574 2.897525787 -0.002895399 0.798472583 0.271247596 0.537455022
1403636656713555456.000000 2.577616692 -1.069404960 2.874576569 0.004698594 0.800616801 0.260853231 0.539394438
1403636657163555584.000000 2.515083790 -1.036743283 2.792046070 0.021982379 0.801182449 0.241008386 0.547301054
1403636657313555456.000000 2.486844540 -1.021825075 2.766029358 0.022003466 0.797779739 0.248318091 0.549000442
1403636657463555584.000000 2.453786373 -1.008671880 2.739919662 0.018429801 0.793163657 0.262695998 0.549128950
1403636657763555840.000000 2.386221409 -0.970525980 2.685126781 0.015560254 0.791797280 0.271479756 0.546912909
1403636657963555584.000000 2.339795589 -0.938876927 2.644204140 0.021135276 0.790749550 0.284867555 0.541404724
1403636658113555456.000000 2.306445360 -0.918081462 2.604397774 0.012243583 0.793933511 0.281843454 0.538594365
1403636658263555840.000000 2.273128986 -0.900867939 2.561090469 -0.000342612 0.798891962 0.273428798 0.535731494
1403636658363555584.000000 2.252529383 -0.888271332 2.530297279 -0.005223734 0.800284803 0.271727324 0.534491539
1403636658513555456.000000 2.223555088 -0.866953254 2.486975670 -0.013753061 0.802280247 0.268621564 0.532916248
1403636658613555456.000000 2.207495213 -0.851025581 2.459440231 -0.020471627 0.804383695 0.263647795 0.532012820
1403636658713555456.000000 2.190619707 -0.835555017 2.432477236 -0.022913530 0.805562794 0.260528624 0.531665683
1403636658863555584.000000 2.172151566 -0.811370432 2.393785000 -0.025140166 0.809507549 0.249192029 0.531007528
1403636659113555456.000000 2.145539284 -0.768377781 2.344279289 -0.003652761 0.811327219 0.244021416 0.531213999
1403636659263555840.000000 2.128907442 -0.741141915 2.319952965 0.000898227 0.811656415 0.242715895 0.531321108
1403636659363555584.000000 2.117281914 -0.723990440 2.305147171 -0.002182248 0.809932053 0.247351855 0.531810522
1403636659513555456.000000 2.098070383 -0.705227375 2.285839319 -0.011287383 0.807779014 0.254520416 0.531587303
1403636659763555840.000000 2.069789886 -0.677516222 2.255235910 -0.007912134 0.810778141 0.249745667 0.529342294
1403636659913555712.000000 2.054412365 -0.656292081 2.243551731 -0.008287646 0.811609030 0.251297265 0.527325094
1403636660063555840.000000 2.038017750 -0.629818916 2.235942841 -0.015692573 0.809466898 0.261598319 0.525436401
1403636660213555456.000000 2.024433851 -0.601907492 2.230585575 -0.020981165 0.807801187 0.267926306 0.524626136
1403636660513555456.000000 2.013635635 -0.555998743 2.221552134 -0.036586024 0.801705956 0.286594033 0.523252189
1403636660713555456.000000 2.023780346 -0.531533778 2.214102745 -0.025632901 0.810293019 0.260873765 0.524130762
1403636660863555584.000000 2.035598516 -0.509439945 2.212734938 -0.027988918 0.816420615 0.239993840 0.524477780
1403636661063555840.000000 2.052690506 -0.473909110 2.223585129 -0.018135699 0.817021549 0.237772271 0.524986923
1403636661213555456.000000 2.065939665 -0.449021459 2.238503695 -0.008466509 0.816305876 0.240211487 0.525234759
1403636661413555712.000000 2.079865932 -0.424619913 2.260920048 -0.005082453 0.815380692 0.241945848 0.525918901
1403636662013555456.000000 2.098240852 -0.426413924 2.333779812 0.016371075 0.810280561 0.250463754 0.529570878
1403636662263555840.000000 2.089440823 -0.448492259 2.358544827 0.001159352 0.812526524 0.245200098 0.528844237
1403636662463555584.000000 2.077938080 -0.455605149 2.383694887 -0.013640833 0.812098265 0.250450671 0.526863158
1403636662663555584.000000 2.068485022 -0.458532840 2.414443970 -0.005853274 0.806870937 0.269641668 0.525564969
1403636663113555456.000000 2.053176165 -0.441242397 2.473906040 0.013580051 0.798558176 0.297300518 0.523194849
1403636663313555456.000000 2.048055649 -0.430268645 2.482630730 -0.010169324 0.802680790 0.288763404 0.521743178
1403636663563555840.000000 2.055775404 -0.402997375 2.487251043 -0.042794943 0.803370535 0.285836369 0.520636141
1403636663763555840.000000 2.076116562 -0.377750576 2.492988586 -0.052729968 0.804216444 0.280537367 0.521300495
1403636664113555456.000000 2.153238773 -0.364702880 2.509689808 -0.051649533 0.813820481 0.238907665 0.527211130
1403636664313555456.000000 2.212050676 -0.373371184 2.533411264 -0.025060685 0.811878622 0.235681802 0.533553362
1403636664563555840.000000 2.285706758 -0.364105552 2.583035946 -0.010396351 0.806862831 0.234560996 0.542075098
1403636664813555456.000000 2.351655722 -0.361106634 2.641017914 -0.005504157 0.799302220 0.240148112 0.550830841
1403636665063555840.000000 2.407914400 -0.372232080 2.701834440 -0.010535872 0.791914642 0.249139816 0.557395339
1403636665313555456.000000 2.467620373 -0.404848278 2.755267143 0.001851903 0.786493301 0.258941978 0.560690582
1403636665613555456.000000 2.534676552 -0.440115571 2.814577579 -0.018235566 0.791667581 0.246704206 0.558629513
1403636665863555584.000000 2.591060638 -0.476459980 2.865789652 -0.008698668 0.796094120 0.240595862 0.555222631
1403636666263555840.000000 2.673110485 -0.528707504 2.957614422 0.009283656 0.796393633 0.246632904 0.552126169
1403636666613555456.000000 2.723821402 -0.550317109 3.035216331 0.009374945 0.790803790 0.254819602 0.556424737
1403636666913555712.000000 2.756825447 -0.586537898 3.092442989 -0.006067307 0.780345619 0.277911097 0.560169041
1403636667563555840.000000 2.849218369 -0.603136539 3.188798428 -0.010006675 0.786139548 0.252236515 0.564146459
1403636667913555712.000000 2.896639824 -0.621207237 3.237011433 -0.000178581 0.780344546 0.269387156 0.564351797
1403636668313555456.000000 2.957403421 -0.621114969 3.284173727 -0.015369715 0.787654936 0.263153821 0.556878507
1403636668613555456.000000 3.015578270 -0.604259968 3.325661659 -0.014937131 0.793348253 0.258775502 0.550827265
1403636668913555712.000000 3.081164837 -0.590520740 3.369512081 -0.028746717 0.803075492 0.235722706 0.546514571
1403636669263555840.000000 3.155896425 -0.613253474 3.441127777 -0.002861209 0.803501904 0.238947436 0.545234442
1403636669563555840.000000 3.211799622 -0.621592939 3.516571283 0.003941951 0.805623114 0.232298374 0.544971049
1403636669863555584.000000 3.249697208 -0.636655509 3.602944851 0.035108879 0.802569509 0.230934605 0.548925102
1403636670163555584.000000 3.251374245 -0.671192169 3.685076237 0.061209887 0.784609139 0.270285726 0.554605722
1403636670513555456.000000 3.210743189 -0.700978279 3.729224682 0.096104875 0.758055568 0.280247629 0.581013680
1403636672163555584.000000 2.573744059 -0.638811231 2.969696045 -0.092485934 0.579616904 0.198347718 0.784951448
1403636673313555456.000000 2.540592909 -0.586582303 2.738105059 -0.062808670 0.536432147 0.169098586 0.824440002
1403636673863555584.000000 2.597201824 -0.599385381 2.772620678 -0.028551320 0.529586613 0.139687940 0.836187840
1403636674513555456.000000 2.671258450 -0.616464019 2.904448032 -0.000005327 0.507992923 0.165912032 0.845231593
1403636675563555840.000000 2.858309746 -0.607353985 3.134027004 -0.033072244 0.475128651 0.115723766 0.871646166
1403636676213555456.000000 2.995136499 -0.623877108 3.340506554 -0.013093687 0.364405602 0.101233818 0.925628901
1403636676763555840.000000 3.071165562 -0.636189818 3.528322697 -0.020739481 0.260354429 0.058050588 0.963543236
1403636677663555584.000000 3.145082474 -0.696948111 3.833841324 0.018374078 0.195997134 0.028750038 0.980010688
1403636678813555456.000000 3.174266100 -0.800182402 4.027224064 -0.013302481 -0.035805713 -0.066117838 0.997080445
1403636679413555712.000000 3.144306898 -0.810729325 4.096347809 -0.000246619 -0.179838806 -0.086834833 0.979855955
1403636679913555712.000000 3.114330292 -0.853674293 4.108314514 0.004693527 -0.245324686 -0.114377558 0.962658584
1403636680163555584.000000 3.105295181 -0.890435398 4.093908787 0.017362982 -0.234451100 -0.144857481 0.961117864
1403636680413555712.000000 3.086103916 -0.911033511 4.065176964 0.019232435 -0.224341765 -0.156448871 0.961678028
1403636680663555584.000000 3.052614689 -0.911926508 4.022495270 0.010047796 -0.218004555 -0.154084519 0.963655055
1403636680963555584.000000 2.994812965 -0.891397834 3.957930088 -0.022647081 -0.231055751 -0.104581498 0.967038333
1403636681263555840.000000 2.932778597 -0.857326031 3.902275562 -0.028127585 -0.226596177 -0.117358476 0.966483355
1403636681563555840.000000 2.863920212 -0.837873876 3.850950956 -0.004473454 -0.232249588 -0.111284688 0.966258705
1403636682163555584.000000 2.723949432 -0.805636168 3.730526447 -0.001904880 -0.241802618 -0.112372339 0.963794768
1403636682463555584.000000 2.655728340 -0.791847944 3.660782576 -0.022650249 -0.241080806 -0.111915752 0.963764429
1403636682813555456.000000 2.577941895 -0.764474571 3.587290049 0.001153501 -0.235998169 -0.109250426 0.965592027
1403636683113555456.000000 2.511485577 -0.751386464 3.516608238 0.004851444 -0.230275646 -0.117603362 0.965980887
1403636683363555584.000000 2.456003189 -0.726646006 3.450703859 -0.000883191 -0.235809863 -0.111391775 0.965393603
1403636683963555584.000000 2.325580359 -0.642925858 3.292623043 -0.018551875 -0.243930578 -0.111098818 0.963229358
1403636684263555840.000000 2.263937950 -0.632098258 3.211368322 -0.009635332 -0.250488818 -0.109520167 0.961856484
1403636684513555456.000000 2.217962265 -0.624842107 3.142485380 -0.003935339 -0.255660266 -0.105497055 0.960985303
1403636684813555456.000000 2.169923306 -0.594747066 3.067709923 -0.000768445 -0.258763045 -0.100895949 0.960656583
1403636685413555712.000000 2.106921911 -0.528594613 2.908484697 -0.007733952 -0.241849050 -0.124961339 0.962202668
1403636686013555456.000000 2.028047085 -0.451768696 2.739623785 -0.008461755 -0.240319073 -0.116470709 0.963644028
1403636686963555584.000000 1.894322634 -0.359399617 2.497692347 -0.015906880 -0.245452970 -0.106757879 0.963380814
1403636687613555456.000000 1.817588329 -0.321906894 2.369114399 -0.006229324 -0.249471590 -0.104657404 0.962689936
1403636688263555840.000000 1.773835540 -0.206713110 2.269151211 -0.003759008 -0.248835534 -0.114961609 0.961691558
1403636688863555584.000000 1.730812073 -0.101956233 2.168511868 -0.007466878 -0.249320537 -0.129250273 0.959728062
1403636689163555584.000000 1.695243835 -0.062318914 2.107439995 -0.020450545 -0.272020072 -0.122305885 0.954268396
1403636689463555584.000000 1.652401924 -0.054134175 2.046758652 -0.025212822 -0.284733266 -0.124349162 0.950172961
1403636689763555840.000000 1.606526494 -0.068673685 1.994297147 -0.045110565 -0.289855808 -0.115591161 0.948992789
1403636690013555456.000000 1.570144415 -0.079212263 1.970922112 -0.046351537 -0.293038428 -0.095945254 0.950144470
1403636690413555712.000000 1.520780087 -0.101691753 1.975592852 -0.039870575 -0.280550271 -0.119561657 0.951528728
1403636690713555456.000000 1.482812881 -0.129855618 1.999529243 -0.038940482 -0.290155351 -0.089358374 0.952002406
1403636690963555584.000000 1.462684393 -0.132248580 2.044149637 -0.020871131 -0.302016973 -0.052719019 0.951614857
1403636691213555456.000000 1.478587389 -0.142236248 2.098416090 0.019470965 -0.303862333 -0.054764654 0.950941324
1403636691463555584.000000 1.534909248 -0.167496920 2.137834072 0.017336072 -0.295497924 -0.097180761 0.950229645
1403636691813555456.000000 1.631950140 -0.226141900 2.166854382 -0.004401157 -0.291591644 -0.127231568 0.948033273
1403636692213555456.000000 1.746017456 -0.275985807 2.194394827 0.000995083 -0.292212337 -0.124097146 0.948267341
1403636692663555584.000000 1.870768070 -0.365045726 2.191752672 -0.004798111 -0.285774142 -0.127954856 0.949703991
1403636693463555584.000000 2.011731148 -0.487852573 2.163466692 -0.040129051 -0.284501165 -0.135727197 0.948170304
1403636693913555712.000000 2.030532598 -0.515077472 2.187003136 -0.033136725 -0.288796902 -0.129985511 0.947946250
1403636694363555584.000000 2.029509068 -0.541063905 2.238049030 -0.008991831 -0.293630958 -0.124048367 0.947793245
1403636694813555456.000000 2.032032490 -0.561744750 2.277096272 -0.012533093 -0.290694922 -0.125026673 0.948529243
1403636695313555456.000000 2.042089701 -0.564527869 2.333631516 -0.014567988 -0.284710556 -0.120675616 0.950875998
1403636695763555840.000000 2.057196379 -0.591860771 2.373098135 -0.007472004 -0.276636690 -0.127336234 0.952471435
1403636696213555456.000000 2.064589977 -0.584977508 2.409770727 -0.023114383 -0.269991517 -0.133338958 0.953305364
1403636696663555584.000000 2.060627937 -0.572907031 2.438146353 -0.000299556 -0.273261070 -0.116016753 0.954918027
1403636697113555456.000000 2.064705849 -0.559492528 2.439456940 0.004370490 -0.261815518 -0.146167561 0.953975141
1403636698413555712.000000 1.929234862 -0.555344045 2.280359030 -0.014460439 -0.146681085 -0.086924031 0.985251129
1403636700113555456.000000 1.740337491 -0.432223201 2.170865297 -0.008179845 0.228172526 0.076135829 0.970604837
1403636701213555456.000000 1.818063021 -0.285236537 2.129892826 -0.026157295 0.292964965 0.087349065 0.951765478
1403636702363555584.000000 1.959762692 -0.261058390 2.084504604 -0.012387334 0.372929990 0.112421706 0.920940340
1403636703463555584.000000 2.125430346 -0.135686129 2.147655010 0.000693493 0.388110101 0.121940210 0.913510084
1403636704363555584.000000 2.274728060 -0.122529566 2.175404072 -0.019815223 0.381158292 0.111752711 0.917516768
1403636705413555712.000000 2.500949144 -0.124439925 2.302032471 -0.023707390 0.378199428 0.096320853 0.920394182
1403636706263555840.000000 2.716819286 -0.170942545 2.529284954 0.000215872 0.370530039 0.110177040 0.922262728
1403636707513555456.000000 3.006268263 -0.299568057 2.850934505 -0.029509583 0.390809774 0.099825822 0.914566457
1403636708263555840.000000 3.176601171 -0.394279331 3.108611584 -0.011599631 0.377305925 0.109118581 0.919564545
1403636709013555456.000000 3.368299723 -0.418534219 3.339821339 0.002602642 0.392686099 0.087417886 0.915504813
1403636709613555456.000000 3.450575590 -0.462688744 3.479072094 -0.016780149 0.400905490 0.091178089 0.911416352
1403636710663555584.000000 3.467632055 -0.506587863 3.793030262 0.002975277 0.341705441 0.111645810 0.933147252
1403636711113555456.000000 3.460051298 -0.502239406 3.912422419 -0.008628211 0.284557283 0.051887576 0.957214892
1403636711613555456.000000 3.422277451 -0.534636736 4.013957024 0.024263056 0.275205761 0.043851722 0.960078180
1403636712063555840.000000 3.341088533 -0.569803596 4.059834480 0.010300620 0.273141325 0.076255500 0.958891451
1403636712513555456.000000 3.245188236 -0.622052729 4.061192513 0.010726570 0.245026752 0.036896009 0.968754649
1403636713013555456.000000 3.114185810 -0.668435574 4.022566795 0.012048854 0.213490024 0.032966521 0.976314545
1403636713613555456.000000 2.942249775 -0.712104976 3.920497417 0.003376871 0.206111133 0.052749053 0.977100015
1403636714263555840.000000 2.785766602 -0.723916709 3.779620409 -0.001551993 0.219295815 0.057138495 0.973982632
1403636715013555456.000000 2.666686773 -0.680037081 3.626840591 -0.031173803 0.128647268 0.017669540 0.991042852
1403636716863555584.000000 2.553772926 -0.649904549 3.367245197 -0.005663242 0.074336469 0.000961011 0.997216702
1403636717863555584.000000 2.492296696 -0.578642190 3.168902874 -0.008537061 -0.020255184 -0.058838230 0.998025537
1403636718613555456.000000 2.349020004 -0.503056228 3.013261318 -0.016209314 -0.142136410 -0.066162340 0.987500429
1403636719213555456.000000 2.246549129 -0.423060417 2.921841145 -0.001945122 -0.166353807 -0.086959951 0.982222319
1403636719863555584.000000 2.163385391 -0.352697223 2.805242538 -0.010739332 -0.156792790 -0.072741434 0.984890521
1403636720463555584.000000 2.114114523 -0.297318518 2.698326349 -0.016579455 -0.153748557 -0.069337994 0.985534787
1403636721013555456.000000 2.091784477 -0.264707595 2.622187853 -0.014856738 -0.129612982 -0.060274027 0.989619553
1403636721613555456.000000 2.096715927 -0.237764329 2.556534767 -0.006479536 -0.052729622 -0.036811173 0.997909069
1403636722413555712.000000 2.113784552 -0.193070024 2.449403524 -0.008316129 -0.038891070 -0.041149359 0.998361170
1403636723313555456.000000 2.102504730 -0.151107684 2.317623138 -0.008324831 -0.023066701 -0.037419248 0.998998702
1403636724513555456.000000 2.057128191 -0.084542148 2.136853456 -0.012295307 0.103724420 0.005773835 0.994513333
1403636726113555456.000000 1.988100886 -0.163556308 1.945003390 -0.012799483 0.114770666 0.016150951 0.993178248
1403636727963555584.000000 1.958085179 -0.266231477 1.730784893 -0.004474811 0.102070391 -0.013838066 0.994670868
1403636729213555456.000000 1.822451830 -0.268864870 1.537388921 0.001697342 0.037351605 -0.024219491 0.999007225
1403636730413555712.000000 1.665109754 -0.197168916 1.307817698 -0.015935797 0.027557913 -0.018074526 0.999329746
1403636731713555456.000000 1.549783707 -0.186861470 1.192892909 -0.008422971 0.024581645 0.000303102 0.999662280
1403636732813555456.000000 1.555133700 -0.101208247 1.127841115 0.016600298 0.029117905 -0.032873876 0.998897374
1403636734013555456.000000 1.423776150 -0.084370427 0.880228817 -0.009337157 0.022157352 -0.029847560 0.999265254
1403636735263555840.000000 1.249233365 -0.037185919 0.652527392 -0.020977274 0.011687158 -0.018293181 0.999544263
1403636736863555584.000000 1.086891413 -0.101321965 0.504392505 -0.002512071 -0.023253063 -0.053749710 0.998280525
1403636737863555584.000000 0.947039247 -0.071251348 0.421054810 -0.023432348 -0.051182538 -0.025698019 0.998083651
1403636739463555584.000000 0.948676646 -0.088684082 0.420951635 -0.008784194 0.189143047 0.039502084 0.981115401
1403636740363555584.000000 1.032126069 -0.032345355 0.441304058 -0.006622373 0.241343796 0.051061373 0.969072819
1403636741413555712.000000 1.099217653 0.121921927 0.464593232 -0.003586559 0.248286203 0.065759242 0.966445446
1403636742213555456.000000 1.130557775 0.226870462 0.479887217 -0.029165501 0.246421888 0.057212546 0.967032790
1403636743363555584.000000 1.186441779 0.298729718 0.549788058 -0.048015852 0.246605128 0.080977410 0.964532554
1403636744063555840.000000 1.274682879 0.347122222 0.669072390 -0.002822344 0.275084883 0.068858258 0.958946764
1403636744913555712.000000 1.375521660 0.536238194 0.831688106 0.007078421 0.292166799 0.081513695 0.952860951
1403636745963555584.000000 1.477656484 0.623588502 0.908563197 0.002873899 0.302977711 0.064232290 0.950826228
1403636748163555584.000000 1.378691435 0.407862604 0.998109519 0.002855988 0.306571186 0.115630507 0.944793940
1403636749213555456.000000 1.386208057 0.293475151 1.056998134 0.010233163 0.319648713 0.117064811 0.940221131
1403636750213555456.000000 1.413775086 0.214690536 1.040020943 0.016069388 0.321174800 0.078168221 0.943651557
1403636751213555456.000000 1.331281066 0.051763296 0.929726005 -0.015052374 0.304723054 0.072882831 0.949529052
1403636752313555456.000000 1.281665683 -0.114636369 0.864039958 -0.006564053 0.270482361 0.070677973 0.960104644
1403636753313555456.000000 1.270731330 -0.201860532 0.838020861 -0.013126816 0.064397909 -0.032515951 0.997308016
1403636754513555456.000000 1.147710204 -0.211559221 0.805182636 0.008315003 0.019153995 -0.035056476 0.999167204
1403636756163555584.000000 0.799559474 -0.157280073 0.566043794 -0.004869459 -0.054656953 -0.054476269 0.997006178
1403636757013555456.000000 0.584589779 -0.125758871 0.415690154 0.001471224 -0.063110135 -0.053358309 0.996578097
1403636757863555584.000000 0.372449547 -0.073924303 0.223019481 -0.041247893 -0.087640166 -0.069881618 0.992841601
1403636758563555840.000000 0.174964860 -0.074961744 0.110521823 -0.043935396 -0.108975783 -0.042563260 0.992160439
1403636760713555456.000000 0.025253356 0.081953898 0.055769645 -0.019712368 -0.103041209 -0.069223858 0.992069542
1403636761363555584.000000 0.003174836 0.123571798 0.040657263 -0.043315422 -0.104965627 -0.070680402 0.991014779
1403636761863555584.000000 -0.032347251 0.117846020 0.048838299 -0.008591010 -0.112924345 -0.040395573 0.992744982
1403636762363555584.000000 -0.049807321 0.107727498 0.045769081 -0.032570630 -0.095228538 -0.081401944 0.991586804
